0
0
31
2
2
26
4
1
44
1
1
35
0
1
39
3
2
35
3
0
33
1
1
37
2
1
34
2
2
32
1
1
32
2
1
25
2
5
26
1
2
39
4
1
29
3
0
36
2
2
25
2
2
21
1
0
32
2
0
22
5
0
21
3
1
37
3
1
30
1
2
24
3
3
35
6
0
27
6
2
18
2
0
24
1
3
24
2
3
26
7
1
25
8
0
28
0
2
31
5
0
23
7
1
31
6
0
30
6
3
27
3
1
20
7
1
29
5
2
17
7
0
23
3
1
20
6
2
21
5
1
28
3
1
24
12
0
25
11
3
15
8
2
25
7
0
25
6
1
21
10
0
26
8
0
18
7
0
33
10
3
26
7
0
22
8
0
32
6
1
23
10
0
22
7
1
29
9
0
26
9
2
20
20
1
15
8
1
20
6
1
22
13
0
22
7
1
18
15
1
24
14
1
21
8
2
14
8
0
28
14
1
21
18
0
17
11
1
20
13
0
14
13
3
21
19
0
27
12
0
18
22
2
16
17
0
19
16
2
8
13
2
12
14
2
17
14
1
15
17
0
13
13
0
23
16
2
20
16
1
20
20
0
20
20
1
16
20
2
16
23
0
13
13
0
17
15
1
14
17
2
14
12
2
13
8
2
16
19
0
17
16
2
22
18
0
12
27
0
19
21
3
13
14
0
13
20
1
11
17
0
18
21
1
14
28
0
8
14
2
8
21
1
14
24
1
15
18
1
7
22
0
13
22
1
6
20
1
8
15
1
20
20
2
9
26
0
9
29
1
7
22
0
10
23
1
6
32
0
8
22
0
7
26
3
10
33
0
7
18
0
8
26
0
10
21
1
6
25
0
7
25
2
8
15
3
11
25
0
12
24
1
3
28
1
5
21
2
6
20
1
3
23
0
7
17
2
5
29
1
7
20
1
3
27
3
6
30
0
6
31
1
7
23
0
5
31
2
0
28
0
8
25
1
7
26
3
2
24
3
1
24
0
2
18
2
6
27
0
6
35
3
3
24
2
1
30
1
3
37
1
3
21
0
5
22
0
2
32
0
1
21
2
2
25
2
2
36
0
3
29
1
4
39
2
1
26
5
2
25
1
2
32
1
1
32
2
2
34
1
2
37
1
1
33
0
3
35
2
3
39
1
0
35
1
1
44
1
4
26
2
2
31
0
0
