47
42
46
100
47
48
41
79
41
42
56
74
42
50
52
98
49
44
43
77
42
46
47
88
39
35
43
86
44
54
38
80
46
48
42
80
42
58
42
69
41
50
37
56
50
47
37
70
55
52
42
85
60
53
39
99
42
68
33
72
56
56
38
66
46
43
48
78
48
49
31
80
33
49
37
82
53
53
34
75
53
47
47
68
55
46
53
89
42
54
43
82
38
52
47
83
43
69
41
82
37
48
42
80
46
38
56
68
58
47
41
81
43
45
46
96
61
47
35
86
69
38
47
70
48
38
39
90
42
51
42
79
49
52
48
74
42
48
51
94
58
40
48
76
60
46
38
79
45
54
41
85
53
61
44
79
46
50
47
74
47
48
56
72
45
52
44
64
47
55
44
78
53
46
45
88
57
54
39
72
52
39
39
67
44
45
53
90
63
51
55
95
50
57
40
88
55
46
53
60
54
62
56
66
64
41
44
77
42
57
44
78
54
48
37
69
47
31
44
69
42
46
48
66
52
47
36
81
48
57
26
65
39
41
42
74
46
44
52
76
59
46
42
70
58
44
51
83
34
62
39
81
42
51
41
60
54
36
50
68
69
57
54
64
50
54
44
78
50
52
48
74
57
45
44
60
56
45
49
83
42
47
37
69
48
56
39
75
51
59
55
66
49
34
38
71
69
49
46
83
68
57
50
75
59
49
43
75
50
55
43
78
62
56
39
69
65
43
58
66
66
38
51
72
58
60
53
69
61
47
53
71
43
49
57
69
56
54
36
65
50
53
39
74
50
47
42
71
59
52
42
63
50
44
57
68
54
43
54
63
48
46
50
73
64
47
53
81
45
48
55
53
40
50
44
48
59
44
49
73
49
53
46
60
47
50
38
83
73
54
43
58
70
44
54
67
51
49
45
78
53
54
43
72
54
51
46
56
55
51
42
60
53
49
49
67
76
58
35
61
55
49
49
78
45
61
42
50
60
28
50
72
64
56
37
66
45
57
55
69
60
60
40
61
50
51
57
59
67
44
43
66
52
57
49
62
58
52
48
54
54
59
54
57
59
44
46
52
56
42
59
53
60
44
50
63
54
57
50
74
58
57
40
64
56
46
59
56
71
47
47
58
70
48
48
59
54
67
37
74
66
51
46
78
59
46
63
70
53
39
47
67
66
54
52
80
60
55
48
68
67
49
41
70
59
48
54
55
62
50
49
73
62
50
38
62
58
48
51
63
56
39
65
57
62
48
65
59
75
44
45
65
66
50
39
70
72
46
38
52
56
51
43
54
66
64
51
53
60
43
43
60
53
51
64
66
54
43
51
56
52
38
46
72
70
39
50
66
65
45
44
75
59
65
48
62
57
65
39
56
63
51
48
58
62
38
50
62
73
49
50
62
55
54
48
59
70
41
49
67
68
48
55
60
80
52
54
66
67
47
39
53
70
63
46
59
78
46
51
66
74
37
67
54
59
48
48
70
58
47
47
71
56
59
46
56
64
40
57
58
74
50
57
54
63
50
44
60
53
59
42
56
52
46
44
59
57
54
59
54
54
48
52
58
62
49
57
52
66
43
44
67
59
57
51
50
61
40
60
60
69
55
57
45
66
37
56
64
72
50
28
60
50
42
61
45
78
49
49
55
61
35
58
76
67
49
49
53
60
42
51
55
56
46
51
54
72
43
54
53
78
45
49
51
67
54
44
70
58
43
54
73
83
38
50
47
60
46
53
49
73
49
44
59
48
44
50
40
53
55
48
45
81
53
47
64
73
50
46
48
63
54
43
54
68
57
44
50
63
42
52
59
71
42
47
50
74
39
53
50
65
36
54
56
69
57
49
43
71
53
47
61
69
53
60
58
72
51
38
66
66
58
43
65
69
39
56
62
78
43
55
50
75
43
49
59
75
50
57
68
83
46
49
69
71
38
34
49
66
55
59
51
75
39
56
48
69
37
47
42
83
49
45
56
60
44
45
57
74
48
52
50
78
44
54
50
64
54
57
69
68
50
36
54
60
41
51
42
81
39
62
34
83
51
44
58
70
42
46
59
76
52
44
46
74
42
41
39
65
26
57
48
81
36
47
52
66
48
46
42
69
44
31
47
69
37
48
54
78
44
57
42
77
44
41
64
66
56
62
54
60
53
46
55
88
40
57
50
95
55
51
63
90
53
45
44
67
39
39
52
72
39
54
57
88
45
46
53
78
44
55
47
64
44
52
45
72
56
48
47
74
47
50
46
79
44
61
53
85
41
54
45
79
38
46
60
76
48
40
58
94
51
48
42
74
48
52
49
79
42
51
42
90
39
38
48
70
47
38
69
86
35
47
61
96
46
45
43
81
41
47
58
68
56
38
46
80
42
48
37
82
41
69
43
83
47
52
38
82
43
54
42
89
53
46
55
68
47
47
53
75
34
53
53
82
37
49
33
80
31
49
48
78
48
43
46
66
38
56
56
72
33
68
42
99
39
53
60
85
42
52
55
70
37
47
50
56
37
50
41
69
42
58
42
80
42
48
46
80
38
54
44
86
43
35
39
88
47
46
42
77
43
44
49
98
52
50
42
74
56
42
41
79
41
48
47
100
46
42
47
